[gd_scene load_steps=30 format=3 uid="uid://xhr51ichdlri"]

[ext_resource type="Script" path="res://Scripts/SettingManager.cs" id="1_mm0rb"]
[ext_resource type="PackedScene" uid="uid://bb2lp50sjndus" path="res://demo/components/Environment.tscn" id="1_xnw40"]
[ext_resource type="Terrain3DAssets" uid="uid://dal3jhw6241qg" path="res://demo/data/assets.tres" id="3_8i2y6"]
[ext_resource type="Script" path="res://addons/waterways_net/RiverManager.cs" id="7_fnbgh"]
[ext_resource type="PackedScene" uid="uid://dakkgwksqucvd" path="res://Scene/house/Hvillage3.tscn" id="7_v04m3"]
[ext_resource type="PackedScene" uid="uid://dcs7wo2rwdu86" path="res://Scene/house/Hvillage1.tscn" id="7_voiib"]
[ext_resource type="PackedScene" uid="uid://8nwifyun8g0h" path="res://Scene/house/Hvillage2.tscn" id="8_83nl7"]
[ext_resource type="Texture2D" uid="uid://b85tlq8wcklbo" path="res://addons/waterways_net/Textures/water_normal_bump.png" id="8_uen30"]
[ext_resource type="Script" path="res://addons/waterways_net/Data/RiverShaderSettings.cs" id="9_ufydf"]
[ext_resource type="Script" path="res://Scripts/CameraFollow.cs" id="10_8wvmp"]
[ext_resource type="Script" path="res://Scripts/ObstacleDamage.cs" id="11_co46j"]
[ext_resource type="PackedScene" uid="uid://byx2ldau86f6i" path="res://Scene/Player1.tscn" id="11_stjn7"]
[ext_resource type="Script" path="res://Scripts/ButtonRestart.cs" id="11_wlp6b"]
[ext_resource type="Script" path="res://Scripts/ButtonExit.cs" id="12_ue7vt"]
[ext_resource type="PackedScene" uid="uid://bsgpvo56kyfd6" path="res://Assets/Objects/Trap/spike_trap_01.glb" id="15_6eg5h"]
[ext_resource type="PackedScene" uid="uid://dv7fw0wtcntxv" path="res://Scene/Item/WayangArjuna.tscn" id="16_gla3h"]
[ext_resource type="PackedScene" uid="uid://ds5kjonepiwfr" path="res://Scene/Item/GamelanSaron.tscn" id="17_215tj"]
[ext_resource type="PackedScene" uid="uid://dpb42lf4xnevw" path="res://Scene/Item/kris_degger.tscn" id="17_lna8p"]
[ext_resource type="PackedScene" uid="uid://c5dccap13yahy" path="res://Scene/PetunjukArah.tscn" id="18_je7gg"]
[ext_resource type="Script" path="res://Scripts/NPCScript.cs" id="20_5t8e1"]

[sub_resource type="Gradient" id="Gradient_vr1m7"]
offsets = PackedFloat32Array(0.2, 1)
colors = PackedColorArray(1, 1, 1, 1, 0, 0, 0, 1)

[sub_resource type="FastNoiseLite" id="FastNoiseLite_d8lcj"]
noise_type = 2
frequency = 0.03
cellular_jitter = 3.0
cellular_return_type = 0
domain_warp_enabled = true
domain_warp_type = 1
domain_warp_amplitude = 50.0
domain_warp_fractal_type = 2
domain_warp_fractal_lacunarity = 1.5
domain_warp_fractal_gain = 1.0

[sub_resource type="NoiseTexture2D" id="NoiseTexture2D_bov7h"]
seamless = true
color_ramp = SubResource("Gradient_vr1m7")
noise = SubResource("FastNoiseLite_d8lcj")

[sub_resource type="Terrain3DMaterial" id="Terrain3DMaterial_jrc01"]
_shader_parameters = {
"_mouse_layer": 2147483648,
"auto_base_texture": 0,
"auto_height_reduction": 0.0,
"auto_overlay_texture": 1,
"auto_slope": 1.0,
"bias_distance": 512.0,
"blend_sharpness": 0.87,
"depth_blur": 0.0,
"dual_scale_far": 170.0,
"dual_scale_near": 100.0,
"dual_scale_reduction": 0.3,
"dual_scale_texture": 0,
"enable_macro_variation": true,
"enable_projection": true,
"height_blending": true,
"macro_variation1": Color(0.855, 0.8625, 0.9, 1),
"macro_variation2": Color(0.9, 0.885, 0.81, 1),
"macro_variation_slope": 0.333,
"mipmap_bias": 1.0,
"noise1_angle": 0.1,
"noise1_offset": Vector2(0.5, 0.5),
"noise1_scale": 0.04,
"noise2_scale": 0.076,
"noise3_scale": 0.225,
"noise_texture": SubResource("NoiseTexture2D_bov7h"),
"projection_angular_division": 1.0,
"projection_threshold": 0.8,
"tri_scale_reduction": 0.3,
"world_space_normal_blend": true
}
world_background = 0
auto_shader = true
dual_scaling = true

[sub_resource type="Resource" id="Resource_6ssk5"]
script = ExtResource("9_ufydf")
MatShaderType = 1
mat_albedo_color_first = Color(0.6, 0.7, 0.65, 1)
mat_albedo_color_second = Color(0.25, 0.35, 0.35, 1)
mat_albedo_depth = 10.0
mat_albedo_depth_curve = 0.25
mat_transparency_clarity = 10.0
mat_transparency_depth_curve = 0.25
mat_transparency_refraction = 0.05
mat_normal_scale = 1.0
mat_normal_bump_texture = ExtResource("8_uen30")
mat_flow_speed = 1.0
mat_flow_base = 0.0
mat_flow_steepness = 2.0
mat_flow_distance = 1.0
mat_flow_pressure = 1.0
mat_flow_max = 4.0
mat_foam_color = Color(0.9, 0.9, 0.9, 1)
mat_foam_amount = 2.0
mat_foam_steepness = 2.0
mat_foam_smoothness = 0.3
mat_uv_scale = Vector3(1, 1, 1)
mat_roughness = 0.2
mat_edge_fade = 0.25
LodLod0Distance = 50.0
_selectedShader = 1

[sub_resource type="Curve3D" id="Curve3D_47oq8"]
resource_local_to_scene = true
bake_interval = 0.05
_data = {
"points": PackedVector3Array(1.02405, 0.724927, -3.62335, -1.02405, -0.724927, 3.62335, 19.8939, 4.68344, -19.1548, 2.90399, 7.11061, -0.605286, -2.90399, -7.11061, 0.605286, 14.2271, -17.1988, 33.2667, -0.160699, -0.955264, -3.6696, 0.160699, 0.955264, 3.6696, 12.7445, -18.8767, 47.6437, 1.10815, 0.469442, -2.54192, -1.10815, -0.469442, 2.54192, 9.4501, -19.6671, 58.9723, 0.341552, -0.125112, -1.88662, -0.341552, 0.125112, 1.88662, 7.46487, -19.8772, 66.0762, 4.44555, 0.179555, -4.41491, -4.44555, -0.179555, 4.41491, -10.0174, -21.7292, 84.5593, 3.70528, 0.239295, -5.12698, -3.70528, -0.239295, 5.12698, -24.9929, -20.5522, 103.831, 3.94683, -0.239453, -5.65972, -3.94683, 0.239453, 5.65972, -40.8252, -20.6982, 127.414, 3.51887, -0.415217, -5.59601, -3.51887, 0.415217, 5.59601, -55.3516, -19.8682, 149.233, 5.1596, -0.366295, -7.621, -5.1596, 0.366295, 7.621, -76.3415, -19.0468, 179.865, 4.0418, -0.559749, -0.0353776, -4.0418, 0.559749, 0.0353776, -90.9999, -17.9538, 187.347, 2.83544, 0.101187, -1.72463, -2.83544, -0.101187, 1.72463, -102.922, -17.1491, 192.613, 5.6082, 0.58538, -3.05235, -5.6082, -0.58538, 3.05235, -124.777, -16.39, 204.685, 6.87353, 0.0147285, -1.32001, -6.87353, -0.0147285, 1.32001, -152.349, -19.9209, 212.142, 5.81833, 0.460661, -1.24941, -5.81833, -0.460661, 1.24941, -177.701, -15.7465, 209.656, 3.3505, -1.0645, 0.285659, -3.3505, 1.0645, -0.285659, -189.625, -19.1203, 217.555, 3.50226, -0.353685, -0.24536, -3.50226, 0.353685, 0.24536, -203.57, -16.986, 218.011, 3.45056, 0.934249, 0.452089, -3.45056, -0.934249, -0.452089, -217.713, -19.5133, 216.862, 3.85732, -0.53475, 3.90587, -3.85732, 0.53475, -3.90587, -234.649, -18.578, 202.755, 5.94884, 0.508602, 4.38549, -5.94884, -0.508602, -4.38549, -257.966, -19.707, 184.503),
"tilts": PackedFloat32Array(0, 0, 0, 0, 0, 0, 0, 0, 0, 0, 0, 0, 0, 0, 0, 0, 0, 0, 0, 0)
}
point_count = 20

[sub_resource type="CapsuleMesh" id="CapsuleMesh_qcnvg"]

[sub_resource type="CapsuleShape3D" id="CapsuleShape3D_kttgx"]

[sub_resource type="BoxShape3D" id="BoxShape3D_b4r4v"]
size = Vector3(1, 0.5, 1)

[node name="Demo" type="Node3D"]
script = ExtResource("1_mm0rb")
InventoryPanelPath = NodePath("UI/InventoryPanel")
InfoPanelPath = NodePath("UI/infoPanel")

[node name="Environment" parent="." instance=ExtResource("1_xnw40")]
transform = Transform3D(-0.124775, -0.0271156, 0.991815, 0.744267, 0.658487, 0.111635, -0.656124, 0.752104, -0.0619813, 0, 0, 0)

[node name="Terrain3D" type="Terrain3D" parent="."]
data_directory = "res://Terrain/Level1"
material = SubResource("Terrain3DMaterial_jrc01")
assets = ExtResource("3_8i2y6")
collision_mask = 3
top_level = true
metadata/_edit_lock_ = true

[node name="HouseVillage" type="Node" parent="."]

[node name="Hvillage3" parent="HouseVillage" instance=ExtResource("7_v04m3")]
transform = Transform3D(4.92098, 0, -0.885424, 0, 5, 0, 0.885424, 0, 4.92098, 313.414, 20.566, 304.577)

[node name="Hvillage1" parent="HouseVillage" instance=ExtResource("7_voiib")]
transform = Transform3D(5, 0, 0, 0, 5, 0, 0, 0, 5, 303.179, 20.429, 341.38)

[node name="Hvillage4" parent="HouseVillage" instance=ExtResource("8_83nl7")]
transform = Transform3D(-4.87767, 0, -1.09923, 0.0372313, 4.99713, -0.165209, 1.0986, -0.169352, -4.87487, 471.555, 47.8544, 398.588)

[node name="RiverManager" type="Node3D" parent="."]
transform = Transform3D(-0.751402, 0, -0.659844, 0, 1, 0, 0.659844, 0, -0.751402, 630.575, 17.6311, 457.898)
script = ExtResource("7_fnbgh")
ShaderSettings = SubResource("Resource_6ssk5")
ShapeStepLengthDivs = 2
ShapeStepWidthDivs = 3
ShapeSmoothness = 0.224
PointWidths = [18.8831, 20.0941, 20.0941, 20.0941, 20.0941, 20.0941, 21.7153, 20.0941, 20.0941, 20.0941, 20.0941, 20.0941, 20.0941, 20.0941, 20.0941, 20.0941, 20.0941, 20.0941, 20.0941, 20.0941]
Curve = SubResource("Curve3D_47oq8")

[node name="CameraRig" type="Node3D" parent="."]
transform = Transform3D(-0.963677, 0, -0.26707, 0, 1, 0, 0.26707, 0, -0.963677, 1.44652, 0.828502, 0)
script = ExtResource("10_8wvmp")
TargetPath = NodePath("../Player1")

[node name="SpringArm3D" type="SpringArm3D" parent="CameraRig"]
transform = Transform3D(1, 0, 0, 0, 0.999848, -0.0174524, 0, 0.0174524, 0.999848, 0, 3, 2)
spring_length = 2.0

[node name="Camera3D" type="Camera3D" parent="CameraRig/SpringArm3D"]

[node name="Player1" parent="." instance=ExtResource("11_stjn7")]
transform = Transform3D(1.66645, 0, 2.49458, 0, 3, 0, -2.49458, 0, 1.66645, 236.743, 2.02609, 36.6608)
CameraRigPath = NodePath("../CameraRig")
GameOverUIPath = NodePath("../UI/GameOver")
SpringArmPath = NodePath("../CameraRig/SpringArm3D")
ItemInfoPanelPath = NodePath("../UI/ItemInfoPanel")
InventoryNodePath = NodePath("..")

[node name="UI" type="CanvasLayer" parent="."]

[node name="HealthBar" type="Control" parent="UI"]
layout_mode = 3
anchors_preset = 0
offset_left = 5.0
offset_top = 16.0
offset_right = 5.0
offset_bottom = 16.0

[node name="HealthBar" type="ProgressBar" parent="UI/HealthBar"]
layout_mode = 0
offset_left = 46.0
offset_top = 43.0
offset_right = 332.0
offset_bottom = 76.0
value = 100.0

[node name="Label" type="Label" parent="UI/HealthBar"]
layout_mode = 0
offset_left = 42.0
offset_top = 2.0
offset_right = 274.0
offset_bottom = 36.0
theme_override_font_sizes/font_size = 24
text = "Arka SangPetualang"

[node name="GameOver" type="Control" parent="UI"]
layout_mode = 3
anchors_preset = 0
offset_left = 141.0
offset_top = 108.0
offset_right = 1040.0
offset_bottom = 581.0

[node name="Label" type="Label" parent="UI/GameOver"]
layout_mode = 1
anchors_preset = 5
anchor_left = 0.5
anchor_right = 0.5
offset_left = -221.5
offset_top = 58.0
offset_right = 234.5
offset_bottom = 173.0
grow_horizontal = 2
theme_override_font_sizes/font_size = 84
text = "Game Over"

[node name="ButtonRestart" type="Button" parent="UI/GameOver"]
layout_mode = 1
anchors_preset = 8
anchor_left = 0.5
anchor_top = 0.5
anchor_right = 0.5
anchor_bottom = 0.5
offset_left = -55.5
offset_top = -5.5
offset_right = 58.5
offset_bottom = 36.5
grow_horizontal = 2
grow_vertical = 2
theme_override_font_sizes/font_size = 24
text = "Restart"
script = ExtResource("11_wlp6b")

[node name="ButtonExit" type="Button" parent="UI/GameOver"]
layout_mode = 1
anchors_preset = 8
anchor_left = 0.5
anchor_top = 0.5
anchor_right = 0.5
anchor_bottom = 0.5
offset_left = -58.0
offset_top = 53.0
offset_right = 67.0
offset_bottom = 95.0
grow_horizontal = 2
grow_vertical = 2
rotation = 0.00142836
theme_override_font_sizes/font_size = 24
text = "Exit Game"
script = ExtResource("12_ue7vt")

[node name="ItemInfoPanel" type="Control" parent="UI"]
layout_mode = 3
anchors_preset = 0
offset_left = 56.0
offset_top = 117.0
offset_right = 356.0
offset_bottom = 177.0

[node name="ItemNameLabel" type="Label" parent="UI/ItemInfoPanel"]
layout_mode = 0
offset_right = 40.0
offset_bottom = 23.0

[node name="InventoryPanel" type="Control" parent="UI"]
layout_mode = 3
anchors_preset = 0
offset_left = 64.0
offset_top = 178.0
offset_right = 341.0
offset_bottom = 449.0

[node name="Label" type="Label" parent="UI/InventoryPanel"]
layout_mode = 1
anchors_preset = 5
anchor_left = 0.5
anchor_right = 0.5
offset_left = -62.0
offset_right = 62.0
offset_bottom = 23.0
grow_horizontal = 2
theme_override_font_sizes/font_size = 18
text = "-- INVENTORY -- "

[node name="VBoxContainer" type="VBoxContainer" parent="UI/InventoryPanel"]
layout_mode = 1
anchors_preset = 4
anchor_top = 0.5
anchor_bottom = 0.5
offset_left = 1.0
offset_top = -133.5
offset_right = 245.0
offset_bottom = -56.5
grow_vertical = 2

[node name="Label" type="Label" parent="UI/InventoryPanel/VBoxContainer"]
layout_mode = 2
theme_override_font_sizes/font_size = 16

[node name="Label2" type="Label" parent="UI/InventoryPanel/VBoxContainer"]
layout_mode = 2
theme_override_font_sizes/font_size = 16

[node name="Label3" type="Label" parent="UI/InventoryPanel/VBoxContainer"]
layout_mode = 2
theme_override_font_sizes/font_size = 16

[node name="infoPanel" type="Control" parent="UI"]
layout_mode = 3
anchors_preset = 1
anchor_left = 1.0
anchor_right = 1.0
offset_left = -253.0
offset_bottom = 431.0
grow_horizontal = 0

[node name="RichTextLabel" type="RichTextLabel" parent="UI/infoPanel"]
layout_mode = 1
anchors_preset = 15
anchor_right = 1.0
anchor_bottom = 1.0
offset_top = 44.0
offset_bottom = 44.0
grow_horizontal = 2
grow_vertical = 2
text = "-- INFORMAS --

~ Kontrol Game ~
W = Maju
A = Kiri
S = Mundur
D = Kanan
Mouse = Gerak Kamera
F = Ambil Item
Tab = Inventory
I = Tampilkan Info
"

[node name="DialogUI" type="Control" parent="UI"]
layout_mode = 3
anchors_preset = 12
anchor_top = 1.0
anchor_right = 1.0
anchor_bottom = 1.0
offset_top = -189.0
grow_horizontal = 2
grow_vertical = 0

[node name="Panel" type="Panel" parent="UI/DialogUI"]
layout_mode = 1
anchors_preset = 12
anchor_top = 1.0
anchor_right = 1.0
anchor_bottom = 1.0
offset_top = -164.0
grow_horizontal = 2
grow_vertical = 0

[node name="NextButton" type="Button" parent="UI/DialogUI/Panel"]
layout_mode = 1
anchors_preset = 3
anchor_left = 1.0
anchor_top = 1.0
anchor_right = 1.0
anchor_bottom = 1.0
offset_left = -69.0
offset_top = -42.0
grow_horizontal = 0
grow_vertical = 0
theme_override_font_sizes/font_size = 24
text = "Next"

[node name="npcNameLabel" type="Label" parent="UI/DialogUI/Panel"]
layout_mode = 0
offset_left = 1.0
offset_top = 7.0
offset_right = 157.0
offset_bottom = 34.0

[node name="dialogText" type="RichTextLabel" parent="UI/DialogUI/Panel"]
layout_mode = 0
offset_top = 62.0
offset_right = 710.0
offset_bottom = 161.0

[node name="ItemCollected" type="Node3D" parent="."]

[node name="WayangArjuna" parent="ItemCollected" instance=ExtResource("16_gla3h")]
transform = Transform3D(2, 0, 0, 0, 2, 0, 0, 0, 2, 472.393, 50.0549, 382.055)
ItemName = "WayangArjuna"

[node name="KrisDegger" parent="ItemCollected" instance=ExtResource("17_lna8p")]
transform = Transform3D(0.3, 0, 0, 0, 0.3, 0, 0, 0, 0.3, 455.872, 48.0938, 369.771)
ItemName = "Pusaka Kris Raja"

[node name="GamelanSaron" parent="ItemCollected" instance=ExtResource("17_215tj")]
transform = Transform3D(1, 0, 0, 0, 1, 0, 0, 0, 1, 462.267, 48.2821, 364.687)
ItemName = "Gamelan Saron"

[node name="KumpulanObject" type="Node3D" parent="."]

[node name="PetunjukArah" parent="KumpulanObject" instance=ExtResource("18_je7gg")]
transform = Transform3D(0.374769, 0, 0.139815, 0, 0.4, 0, -0.139815, 0, 0.374769, 428.247, -0.602325, 205.772)

[node name="PetunjukArah2" parent="KumpulanObject" instance=ExtResource("18_je7gg")]
transform = Transform3D(-0.236225, 0, 0.322797, 0, 0.4, 0, -0.322797, 0, -0.236225, 428.601, 0.754368, 205.183)

[node name="NPC_TetuaDesa" type="Area3D" parent="."]
transform = Transform3D(-0.971313, 0, -0.237804, 0, 1, 0, 0.237804, 0, -0.971313, 424.69, 1.3914, 203.872)
script = ExtResource("20_5t8e1")
NPCName = "Tetua Desa"
DialogUIPath = NodePath("../UI/DialogUI")

[node name="MeshInstance3D" type="MeshInstance3D" parent="NPC_TetuaDesa"]
mesh = SubResource("CapsuleMesh_qcnvg")

[node name="CollisionShape3D" type="CollisionShape3D" parent="NPC_TetuaDesa"]
shape = SubResource("CapsuleShape3D_kttgx")

[node name="Label3D" type="Label3D" parent="NPC_TetuaDesa"]
transform = Transform3D(1, 0, 0, 0, 1, 0, 0, 0, 1, 0, 1.45583, 0)
text = "Tetua Desa"

[node name="NPC_PakAhmad" type="Area3D" parent="."]
transform = Transform3D(-0.971313, 0, -0.237804, 0, 1, 0, 0.237804, 0, -0.971313, 258.543, 3.23343, 85.9859)
script = ExtResource("20_5t8e1")
NPCName = "Pak Ahmad"
DialogUIPath = NodePath("../UI/DialogUI")

[node name="MeshInstance3D" type="MeshInstance3D" parent="NPC_PakAhmad"]
mesh = SubResource("CapsuleMesh_qcnvg")

[node name="CollisionShape3D" type="CollisionShape3D" parent="NPC_PakAhmad"]
shape = SubResource("CapsuleShape3D_kttgx")

[node name="Label3D" type="Label3D" parent="NPC_PakAhmad"]
transform = Transform3D(1, 0, 0, 0, 1, 0, 0, 0, 1, 0, 1.45583, 0)
text = "Pak Ahmad"

[node name="NPC_BuSari" type="Area3D" parent="."]
transform = Transform3D(0.999815, 0, 0.019232, 0, 1, 0, -0.019232, 0, 0.999815, 257.643, 3.23343, 29.3245)
script = ExtResource("20_5t8e1")
NPCName = "Bu Sari"
DialogUIPath = NodePath("../UI/DialogUI")

[node name="MeshInstance3D" type="MeshInstance3D" parent="NPC_BuSari"]
mesh = SubResource("CapsuleMesh_qcnvg")

[node name="CollisionShape3D" type="CollisionShape3D" parent="NPC_BuSari"]
shape = SubResource("CapsuleShape3D_kttgx")

[node name="Label3D" type="Label3D" parent="NPC_BuSari"]
transform = Transform3D(1, 0, 0, 0, 1, 0, 0, 0, 1, 0, 1.45583, 0)
text = "Bu Sari
"

[node name="Rintangan" type="Node3D" parent="."]

[node name="ObstacleDamage2" type="Area3D" parent="Rintangan"]
transform = Transform3D(0.808349, 0, -0.588702, 0, 1, 0, 0.588702, 0, 0.808349, 363.601, 0.106984, 152.244)
script = ExtResource("11_co46j")

[node name="CollisionShape3D" type="CollisionShape3D" parent="Rintangan/ObstacleDamage2"]
shape = SubResource("BoxShape3D_b4r4v")

[node name="Sketchfab_Scene" parent="Rintangan/ObstacleDamage2" instance=ExtResource("15_6eg5h")]
transform = Transform3D(2, 0, 0, 0, 2, 0, 0, 0, 2, 0, 0, 0)

[node name="ObstacleDamage3" type="Area3D" parent="Rintangan"]
transform = Transform3D(0.808349, 0, -0.588702, 0, 1, 0, 0.588702, 0, 0.808349, 363.409, 0.106984, 150.837)
script = ExtResource("11_co46j")

[node name="CollisionShape3D" type="CollisionShape3D" parent="Rintangan/ObstacleDamage3"]
shape = SubResource("BoxShape3D_b4r4v")

[node name="Sketchfab_Scene" parent="Rintangan/ObstacleDamage3" instance=ExtResource("15_6eg5h")]
transform = Transform3D(2, 0, 0, 0, 2, 0, 0, 0, 2, 0, 0, 0)

[node name="ObstacleDamage4" type="Area3D" parent="Rintangan"]
transform = Transform3D(0.808349, 0, -0.588702, 0, 1, 0, 0.588702, 0, 0.808349, 363.678, 0.106984, 149.231)
script = ExtResource("11_co46j")

[node name="CollisionShape3D" type="CollisionShape3D" parent="Rintangan/ObstacleDamage4"]
shape = SubResource("BoxShape3D_b4r4v")

[node name="Sketchfab_Scene" parent="Rintangan/ObstacleDamage4" instance=ExtResource("15_6eg5h")]
transform = Transform3D(2, 0, 0, 0, 2, 0, 0, 0, 2, 0, 0, 0)

[node name="ObstacleDamage5" type="Area3D" parent="Rintangan"]
transform = Transform3D(0.808349, 0, -0.588702, 0, 1, 0, 0.588702, 0, 0.808349, 363.486, 0.106984, 147.824)
script = ExtResource("11_co46j")

[node name="CollisionShape3D" type="CollisionShape3D" parent="Rintangan/ObstacleDamage5"]
shape = SubResource("BoxShape3D_b4r4v")

[node name="Sketchfab_Scene" parent="Rintangan/ObstacleDamage5" instance=ExtResource("15_6eg5h")]
transform = Transform3D(2, 0, 0, 0, 2, 0, 0, 0, 2, 0, 0, 0)

[node name="ObstacleDamage6" type="Area3D" parent="Rintangan"]
transform = Transform3D(0.125022, 0, -0.992153, 0, 1, 0, 0.992153, 0, 0.125022, 333.841, 0.27136, 115.76)
script = ExtResource("11_co46j")

[node name="CollisionShape3D" type="CollisionShape3D" parent="Rintangan/ObstacleDamage6"]
shape = SubResource("BoxShape3D_b4r4v")

[node name="Sketchfab_Scene" parent="Rintangan/ObstacleDamage6" instance=ExtResource("15_6eg5h")]
transform = Transform3D(2, 0, 0, 0, 2, 0, 0, 0, 2, 0, 0, 0)

[node name="ObstacleDamage7" type="Area3D" parent="Rintangan"]
transform = Transform3D(0.125022, 0, -0.992153, 0, 1, 0, 0.992153, 0, 0.125022, 334.734, 0.27136, 114.656)
script = ExtResource("11_co46j")

[node name="CollisionShape3D" type="CollisionShape3D" parent="Rintangan/ObstacleDamage7"]
shape = SubResource("BoxShape3D_b4r4v")

[node name="Sketchfab_Scene" parent="Rintangan/ObstacleDamage7" instance=ExtResource("15_6eg5h")]
transform = Transform3D(2, 0, 0, 0, 2, 0, 0, 0, 2, 0, 0, 0)

[node name="ObstacleDamage8" type="Area3D" parent="Rintangan"]
transform = Transform3D(0.125022, 0, -0.992153, 0, 1, 0, 0.992153, 0, 0.125022, 336.088, 0.27136, 113.751)
script = ExtResource("11_co46j")

[node name="CollisionShape3D" type="CollisionShape3D" parent="Rintangan/ObstacleDamage8"]
shape = SubResource("BoxShape3D_b4r4v")

[node name="Sketchfab_Scene" parent="Rintangan/ObstacleDamage8" instance=ExtResource("15_6eg5h")]
transform = Transform3D(2, 0, 0, 0, 2, 0, 0, 0, 2, 0, 0, 0)

[node name="ObstacleDamage9" type="Area3D" parent="Rintangan"]
transform = Transform3D(0.125022, 0, -0.992153, 0, 1, 0, 0.992153, 0, 0.125022, 336.982, 0.27136, 112.648)
script = ExtResource("11_co46j")

[node name="CollisionShape3D" type="CollisionShape3D" parent="Rintangan/ObstacleDamage9"]
shape = SubResource("BoxShape3D_b4r4v")

[node name="Sketchfab_Scene" parent="Rintangan/ObstacleDamage9" instance=ExtResource("15_6eg5h")]
transform = Transform3D(2, 0, 0, 0, 2, 0, 0, 0, 2, 0, 0, 0)

[node name="ObstacleDamage10" type="Area3D" parent="Rintangan"]
transform = Transform3D(0.517862, 0, -0.855463, 0, 1, 0, 0.855463, 0, 0.517862, 306.854, 0.27136, 102.946)
script = ExtResource("11_co46j")

[node name="CollisionShape3D" type="CollisionShape3D" parent="Rintangan/ObstacleDamage10"]
shape = SubResource("BoxShape3D_b4r4v")

[node name="Sketchfab_Scene" parent="Rintangan/ObstacleDamage10" instance=ExtResource("15_6eg5h")]
transform = Transform3D(2, 0, 0, 0, 2, 0, 0, 0, 2, 0, 0, 0)

[node name="ObstacleDamage11" type="Area3D" parent="Rintangan"]
transform = Transform3D(0.517862, 0, -0.855463, 0, 1, 0, 0.855463, 0, 0.517862, 307.221, 0.27136, 101.574)
script = ExtResource("11_co46j")

[node name="CollisionShape3D" type="CollisionShape3D" parent="Rintangan/ObstacleDamage11"]
shape = SubResource("BoxShape3D_b4r4v")

[node name="Sketchfab_Scene" parent="Rintangan/ObstacleDamage11" instance=ExtResource("15_6eg5h")]
transform = Transform3D(2, 0, 0, 0, 2, 0, 0, 0, 2, 0, 0, 0)

[node name="ObstacleDamage12" type="Area3D" parent="Rintangan"]
transform = Transform3D(0.517862, 0, -0.855463, 0, 1, 0, 0.855463, 0, 0.517862, 308.09, 0.27136, 100.197)
script = ExtResource("11_co46j")

[node name="CollisionShape3D" type="CollisionShape3D" parent="Rintangan/ObstacleDamage12"]
shape = SubResource("BoxShape3D_b4r4v")

[node name="Sketchfab_Scene" parent="Rintangan/ObstacleDamage12" instance=ExtResource("15_6eg5h")]
transform = Transform3D(2, 0, 0, 0, 2, 0, 0, 0, 2, 0, 0, 0)

[node name="ObstacleDamage13" type="Area3D" parent="Rintangan"]
transform = Transform3D(0.517862, 0, -0.855463, 0, 1, 0, 0.855463, 0, 0.517862, 308.457, 0.27136, 98.8252)
script = ExtResource("11_co46j")

[node name="CollisionShape3D" type="CollisionShape3D" parent="Rintangan/ObstacleDamage13"]
shape = SubResource("BoxShape3D_b4r4v")

[node name="Sketchfab_Scene" parent="Rintangan/ObstacleDamage13" instance=ExtResource("15_6eg5h")]
transform = Transform3D(2, 0, 0, 0, 2, 0, 0, 0, 2, 0, 0, 0)

[node name="ObstacleDamage14" type="Area3D" parent="Rintangan"]
transform = Transform3D(0.517862, 0, -0.855463, 0, 1, 0, 0.855463, 0, 0.517862, 304.489, 0.27136, 108.837)
script = ExtResource("11_co46j")

[node name="CollisionShape3D" type="CollisionShape3D" parent="Rintangan/ObstacleDamage14"]
shape = SubResource("BoxShape3D_b4r4v")

[node name="Sketchfab_Scene" parent="Rintangan/ObstacleDamage14" instance=ExtResource("15_6eg5h")]
transform = Transform3D(2, 0, 0, 0, 2, 0, 0, 0, 2, 0, 0, 0)

[node name="ObstacleDamage15" type="Area3D" parent="Rintangan"]
transform = Transform3D(0.517862, 0, -0.855463, 0, 1, 0, 0.855463, 0, 0.517862, 304.856, 0.27136, 107.466)
script = ExtResource("11_co46j")

[node name="CollisionShape3D" type="CollisionShape3D" parent="Rintangan/ObstacleDamage15"]
shape = SubResource("BoxShape3D_b4r4v")

[node name="Sketchfab_Scene" parent="Rintangan/ObstacleDamage15" instance=ExtResource("15_6eg5h")]
transform = Transform3D(2, 0, 0, 0, 2, 0, 0, 0, 2, 0, 0, 0)

[node name="ObstacleDamage16" type="Area3D" parent="Rintangan"]
transform = Transform3D(0.517862, 0, -0.855463, 0, 1, 0, 0.855463, 0, 0.517862, 305.725, 0.27136, 106.089)
script = ExtResource("11_co46j")

[node name="CollisionShape3D" type="CollisionShape3D" parent="Rintangan/ObstacleDamage16"]
shape = SubResource("BoxShape3D_b4r4v")

[node name="Sketchfab_Scene" parent="Rintangan/ObstacleDamage16" instance=ExtResource("15_6eg5h")]
transform = Transform3D(2, 0, 0, 0, 2, 0, 0, 0, 2, 0, 0, 0)

[node name="ObstacleDamage17" type="Area3D" parent="Rintangan"]
transform = Transform3D(0.517862, 0, -0.855463, 0, 1, 0, 0.855463, 0, 0.517862, 306.092, 0.27136, 104.717)
script = ExtResource("11_co46j")

[node name="CollisionShape3D" type="CollisionShape3D" parent="Rintangan/ObstacleDamage17"]
shape = SubResource("BoxShape3D_b4r4v")

[node name="Sketchfab_Scene" parent="Rintangan/ObstacleDamage17" instance=ExtResource("15_6eg5h")]
transform = Transform3D(2, 0, 0, 0, 2, 0, 0, 0, 2, 0, 0, 0)

[node name="ObstacleDamage26" type="Area3D" parent="Rintangan"]
transform = Transform3D(0.517862, 0, -0.855463, 0, 1, 0, 0.855463, 0, 0.517862, 322.115, 0.27136, 102.946)
script = ExtResource("11_co46j")

[node name="CollisionShape3D" type="CollisionShape3D" parent="Rintangan/ObstacleDamage26"]
shape = SubResource("BoxShape3D_b4r4v")

[node name="Sketchfab_Scene" parent="Rintangan/ObstacleDamage26" instance=ExtResource("15_6eg5h")]
transform = Transform3D(2, 0, 0, 0, 2, 0, 0, 0, 2, 0, 0, 0)

[node name="ObstacleDamage27" type="Area3D" parent="Rintangan"]
transform = Transform3D(0.517862, 0, -0.855463, 0, 1, 0, 0.855463, 0, 0.517862, 322.481, 0.27136, 101.574)
script = ExtResource("11_co46j")

[node name="CollisionShape3D" type="CollisionShape3D" parent="Rintangan/ObstacleDamage27"]
shape = SubResource("BoxShape3D_b4r4v")

[node name="Sketchfab_Scene" parent="Rintangan/ObstacleDamage27" instance=ExtResource("15_6eg5h")]
transform = Transform3D(2, 0, 0, 0, 2, 0, 0, 0, 2, 0, 0, 0)

[node name="ObstacleDamage28" type="Area3D" parent="Rintangan"]
transform = Transform3D(0.517862, 0, -0.855463, 0, 1, 0, 0.855463, 0, 0.517862, 323.351, 0.27136, 100.197)
script = ExtResource("11_co46j")

[node name="CollisionShape3D" type="CollisionShape3D" parent="Rintangan/ObstacleDamage28"]
shape = SubResource("BoxShape3D_b4r4v")

[node name="Sketchfab_Scene" parent="Rintangan/ObstacleDamage28" instance=ExtResource("15_6eg5h")]
transform = Transform3D(2, 0, 0, 0, 2, 0, 0, 0, 2, 0, 0, 0)

[node name="ObstacleDamage29" type="Area3D" parent="Rintangan"]
transform = Transform3D(0.517862, 0, -0.855463, 0, 1, 0, 0.855463, 0, 0.517862, 323.717, 0.27136, 98.8252)
script = ExtResource("11_co46j")

[node name="CollisionShape3D" type="CollisionShape3D" parent="Rintangan/ObstacleDamage29"]
shape = SubResource("BoxShape3D_b4r4v")

[node name="Sketchfab_Scene" parent="Rintangan/ObstacleDamage29" instance=ExtResource("15_6eg5h")]
transform = Transform3D(2, 0, 0, 0, 2, 0, 0, 0, 2, 0, 0, 0)

[node name="ObstacleDamage30" type="Area3D" parent="Rintangan"]
transform = Transform3D(0.517862, 0, -0.855463, 0, 1, 0, 0.855463, 0, 0.517862, 319.75, 0.27136, 108.837)
script = ExtResource("11_co46j")

[node name="CollisionShape3D" type="CollisionShape3D" parent="Rintangan/ObstacleDamage30"]
shape = SubResource("BoxShape3D_b4r4v")

[node name="Sketchfab_Scene" parent="Rintangan/ObstacleDamage30" instance=ExtResource("15_6eg5h")]
transform = Transform3D(2, 0, 0, 0, 2, 0, 0, 0, 2, 0, 0, 0)

[node name="ObstacleDamage31" type="Area3D" parent="Rintangan"]
transform = Transform3D(0.517862, 0, -0.855463, 0, 1, 0, 0.855463, 0, 0.517862, 320.117, 0.27136, 107.466)
script = ExtResource("11_co46j")

[node name="CollisionShape3D" type="CollisionShape3D" parent="Rintangan/ObstacleDamage31"]
shape = SubResource("BoxShape3D_b4r4v")

[node name="Sketchfab_Scene" parent="Rintangan/ObstacleDamage31" instance=ExtResource("15_6eg5h")]
transform = Transform3D(2, 0, 0, 0, 2, 0, 0, 0, 2, 0, 0, 0)

[node name="ObstacleDamage32" type="Area3D" parent="Rintangan"]
transform = Transform3D(0.517862, 0, -0.855463, 0, 1, 0, 0.855463, 0, 0.517862, 320.986, 0.27136, 106.089)
script = ExtResource("11_co46j")

[node name="CollisionShape3D" type="CollisionShape3D" parent="Rintangan/ObstacleDamage32"]
shape = SubResource("BoxShape3D_b4r4v")

[node name="Sketchfab_Scene" parent="Rintangan/ObstacleDamage32" instance=ExtResource("15_6eg5h")]
transform = Transform3D(2, 0, 0, 0, 2, 0, 0, 0, 2, 0, 0, 0)

[node name="ObstacleDamage33" type="Area3D" parent="Rintangan"]
transform = Transform3D(0.517862, 0, -0.855463, 0, 1, 0, 0.855463, 0, 0.517862, 321.353, 0.27136, 104.717)
script = ExtResource("11_co46j")

[node name="CollisionShape3D" type="CollisionShape3D" parent="Rintangan/ObstacleDamage33"]
shape = SubResource("BoxShape3D_b4r4v")

[node name="Sketchfab_Scene" parent="Rintangan/ObstacleDamage33" instance=ExtResource("15_6eg5h")]
transform = Transform3D(2, 0, 0, 0, 2, 0, 0, 0, 2, 0, 0, 0)

[node name="ObstacleDamage34" type="Area3D" parent="Rintangan"]
transform = Transform3D(-0.294323, 0, -0.955705, 0, 1, 0, 0.955705, 0, -0.294323, 347.166, 0.27136, 133.831)
script = ExtResource("11_co46j")

[node name="CollisionShape3D" type="CollisionShape3D" parent="Rintangan/ObstacleDamage34"]
shape = SubResource("BoxShape3D_b4r4v")

[node name="Sketchfab_Scene" parent="Rintangan/ObstacleDamage34" instance=ExtResource("15_6eg5h")]
transform = Transform3D(2, 0, 0, 0, 2, 0, 0, 0, 2, 0, 0, 0)

[node name="ObstacleDamage35" type="Area3D" parent="Rintangan"]
transform = Transform3D(-0.294323, 0, -0.955705, 0, 1, 0, 0.955705, 0, -0.294323, 348.434, 0.27136, 133.193)
script = ExtResource("11_co46j")

[node name="CollisionShape3D" type="CollisionShape3D" parent="Rintangan/ObstacleDamage35"]
shape = SubResource("BoxShape3D_b4r4v")

[node name="Sketchfab_Scene" parent="Rintangan/ObstacleDamage35" instance=ExtResource("15_6eg5h")]
transform = Transform3D(2, 0, 0, 0, 2, 0, 0, 0, 2, 0, 0, 0)

[node name="ObstacleDamage36" type="Area3D" parent="Rintangan"]
transform = Transform3D(-0.294323, 0, -0.955705, 0, 1, 0, 0.955705, 0, -0.294323, 350.04, 0.27136, 132.926)
script = ExtResource("11_co46j")

[node name="CollisionShape3D" type="CollisionShape3D" parent="Rintangan/ObstacleDamage36"]
shape = SubResource("BoxShape3D_b4r4v")

[node name="Sketchfab_Scene" parent="Rintangan/ObstacleDamage36" instance=ExtResource("15_6eg5h")]
transform = Transform3D(2, 0, 0, 0, 2, 0, 0, 0, 2, 0, 0, 0)

[node name="ObstacleDamage37" type="Area3D" parent="Rintangan"]
transform = Transform3D(-0.294323, 0, -0.955705, 0, 1, 0, 0.955705, 0, -0.294323, 351.309, 0.27136, 132.287)
script = ExtResource("11_co46j")

[node name="CollisionShape3D" type="CollisionShape3D" parent="Rintangan/ObstacleDamage37"]
shape = SubResource("BoxShape3D_b4r4v")

[node name="Sketchfab_Scene" parent="Rintangan/ObstacleDamage37" instance=ExtResource("15_6eg5h")]
transform = Transform3D(2, 0, 0, 0, 2, 0, 0, 0, 2, 0, 0, 0)

[node name="ObstacleDamage38" type="Area3D" parent="Rintangan"]
transform = Transform3D(-0.294323, 0, -0.955705, 0, 1, 0, 0.955705, 0, -0.294323, 341.193, 0.27136, 135.984)
script = ExtResource("11_co46j")

[node name="CollisionShape3D" type="CollisionShape3D" parent="Rintangan/ObstacleDamage38"]
shape = SubResource("BoxShape3D_b4r4v")

[node name="Sketchfab_Scene" parent="Rintangan/ObstacleDamage38" instance=ExtResource("15_6eg5h")]
transform = Transform3D(2, 0, 0, 0, 2, 0, 0, 0, 2, 0, 0, 0)

[node name="ObstacleDamage39" type="Area3D" parent="Rintangan"]
transform = Transform3D(-0.294323, 0, -0.955705, 0, 1, 0, 0.955705, 0, -0.294323, 342.462, 0.27136, 135.346)
script = ExtResource("11_co46j")

[node name="CollisionShape3D" type="CollisionShape3D" parent="Rintangan/ObstacleDamage39"]
shape = SubResource("BoxShape3D_b4r4v")

[node name="Sketchfab_Scene" parent="Rintangan/ObstacleDamage39" instance=ExtResource("15_6eg5h")]
transform = Transform3D(2, 0, 0, 0, 2, 0, 0, 0, 2, 0, 0, 0)

[node name="ObstacleDamage40" type="Area3D" parent="Rintangan"]
transform = Transform3D(-0.294323, 0, -0.955705, 0, 1, 0, 0.955705, 0, -0.294323, 344.068, 0.27136, 135.079)
script = ExtResource("11_co46j")

[node name="CollisionShape3D" type="CollisionShape3D" parent="Rintangan/ObstacleDamage40"]
shape = SubResource("BoxShape3D_b4r4v")

[node name="Sketchfab_Scene" parent="Rintangan/ObstacleDamage40" instance=ExtResource("15_6eg5h")]
transform = Transform3D(2, 0, 0, 0, 2, 0, 0, 0, 2, 0, 0, 0)

[node name="ObstacleDamage41" type="Area3D" parent="Rintangan"]
transform = Transform3D(-0.294323, 0, -0.955705, 0, 1, 0, 0.955705, 0, -0.294323, 345.337, 0.27136, 134.44)
script = ExtResource("11_co46j")

[node name="CollisionShape3D" type="CollisionShape3D" parent="Rintangan/ObstacleDamage41"]
shape = SubResource("BoxShape3D_b4r4v")

[node name="Sketchfab_Scene" parent="Rintangan/ObstacleDamage41" instance=ExtResource("15_6eg5h")]
transform = Transform3D(2, 0, 0, 0, 2, 0, 0, 0, 2, 0, 0, 0)

[node name="ObstacleDamage18" type="Area3D" parent="Rintangan"]
transform = Transform3D(0.279063, 0.0186779, -0.96009, 0.105829, 0.993123, 0.0500811, 0.954422, -0.115582, 0.275167, 415.366, 0.182822, 178.983)
script = ExtResource("11_co46j")

[node name="CollisionShape3D" type="CollisionShape3D" parent="Rintangan/ObstacleDamage18"]
shape = SubResource("BoxShape3D_b4r4v")

[node name="Sketchfab_Scene" parent="Rintangan/ObstacleDamage18" instance=ExtResource("15_6eg5h")]
transform = Transform3D(2, 0, 0, 0, 2, 0, 0, 0, 2, 0, 0, 0)

[node name="ObstacleDamage19" type="Area3D" parent="Rintangan"]
transform = Transform3D(0.279063, 0.0186779, -0.96009, 0.105829, 0.993123, 0.0500811, 0.954422, -0.115582, 0.275167, 416.075, 0.0274374, 177.763)
script = ExtResource("11_co46j")

[node name="CollisionShape3D" type="CollisionShape3D" parent="Rintangan/ObstacleDamage19"]
shape = SubResource("BoxShape3D_b4r4v")

[node name="Sketchfab_Scene" parent="Rintangan/ObstacleDamage19" instance=ExtResource("15_6eg5h")]
transform = Transform3D(2, 0, 0, 0, 2, 0, 0, 0, 2, 0, 0, 0)

[node name="ObstacleDamage20" type="Area3D" parent="Rintangan"]
transform = Transform3D(0.279063, 0.0186779, -0.96009, 0.105829, 0.993123, 0.0500811, 0.954422, -0.115582, 0.275167, 417.27, -0.122555, 176.667)
script = ExtResource("11_co46j")

[node name="CollisionShape3D" type="CollisionShape3D" parent="Rintangan/ObstacleDamage20"]
shape = SubResource("BoxShape3D_b4r4v")

[node name="Sketchfab_Scene" parent="Rintangan/ObstacleDamage20" instance=ExtResource("15_6eg5h")]
transform = Transform3D(2, 0, 0, 0, 2, 0, 0, 0, 2, 0, 0, 0)

[node name="ObstacleDamage21" type="Area3D" parent="Rintangan"]
transform = Transform3D(0.279063, 0.0186779, -0.96009, 0.105829, 0.993123, 0.0500811, 0.954422, -0.115582, 0.275167, 417.979, -0.277936, 175.447)
script = ExtResource("11_co46j")

[node name="CollisionShape3D" type="CollisionShape3D" parent="Rintangan/ObstacleDamage21"]
shape = SubResource("BoxShape3D_b4r4v")

[node name="Sketchfab_Scene" parent="Rintangan/ObstacleDamage21" instance=ExtResource("15_6eg5h")]
transform = Transform3D(2, 0, 0, 0, 2, 0, 0, 0, 2, 0, 0, 0)

[node name="ObstacleDamage22" type="Area3D" parent="Rintangan"]
transform = Transform3D(0.279063, 0.0186779, -0.96009, 0.105829, 0.993123, 0.0500811, 0.954422, -0.115582, 0.275167, 411.559, 0.840708, 184.021)
script = ExtResource("11_co46j")

[node name="CollisionShape3D" type="CollisionShape3D" parent="Rintangan/ObstacleDamage22"]
shape = SubResource("BoxShape3D_b4r4v")

[node name="Sketchfab_Scene" parent="Rintangan/ObstacleDamage22" instance=ExtResource("15_6eg5h")]
transform = Transform3D(2, 0, 0, 0, 2, 0, 0, 0, 2, 0, 0, 0)

[node name="ObstacleDamage23" type="Area3D" parent="Rintangan"]
transform = Transform3D(0.279063, 0.0186779, -0.96009, 0.105829, 0.993123, 0.0500811, 0.954422, -0.115582, 0.275167, 412.268, 0.685326, 182.801)
script = ExtResource("11_co46j")

[node name="CollisionShape3D" type="CollisionShape3D" parent="Rintangan/ObstacleDamage23"]
shape = SubResource("BoxShape3D_b4r4v")

[node name="Sketchfab_Scene" parent="Rintangan/ObstacleDamage23" instance=ExtResource("15_6eg5h")]
transform = Transform3D(2, 0, 0, 0, 2, 0, 0, 0, 2, 0, 0, 0)

[node name="ObstacleDamage24" type="Area3D" parent="Rintangan"]
transform = Transform3D(0.279063, 0.0186779, -0.96009, 0.105829, 0.993123, 0.0500811, 0.954422, -0.115582, 0.275167, 413.463, 0.535334, 181.705)
script = ExtResource("11_co46j")

[node name="CollisionShape3D" type="CollisionShape3D" parent="Rintangan/ObstacleDamage24"]
shape = SubResource("BoxShape3D_b4r4v")

[node name="Sketchfab_Scene" parent="Rintangan/ObstacleDamage24" instance=ExtResource("15_6eg5h")]
transform = Transform3D(2, 0, 0, 0, 2, 0, 0, 0, 2, 0, 0, 0)

[node name="ObstacleDamage25" type="Area3D" parent="Rintangan"]
transform = Transform3D(0.279063, 0.0186779, -0.96009, 0.105829, 0.993123, 0.0500811, 0.954422, -0.115582, 0.275167, 414.172, 0.37995, 180.484)
script = ExtResource("11_co46j")

[node name="CollisionShape3D" type="CollisionShape3D" parent="Rintangan/ObstacleDamage25"]
shape = SubResource("BoxShape3D_b4r4v")

[node name="Sketchfab_Scene" parent="Rintangan/ObstacleDamage25" instance=ExtResource("15_6eg5h")]
transform = Transform3D(2, 0, 0, 0, 2, 0, 0, 0, 2, 0, 0, 0)
